1000 0 1 -3.6703 0.0000 0.3333 -40.2336 -1000.0000 0.0000 -1000.0000 0.0000
1000 1 0 -3.6703 0.0000 0.3333 -40.2336 -1000.0000 0.0000 -1000.0000 0.0000
1000 0 2 -74.4507 0.0000 66.3333 40.2336 -1000.0000 0.0000 -1000.0000 0.0000
1000 2 0 -74.4507 0.0000 66.3333 40.2336 -1000.0000 0.0000 -1000.0000 0.0000
4000 0 1 -22.4288 0.0000 1.6622 -40.2336 -1000.0000 0.0000 -1000.0000 0.0000
4000 1 0 -22.4288 0.0000 1.6622 -40.2336 -1000.0000 0.0000 -1000.0000 0.0000
4000 0 2 -69.9993 0.0000 65.0045 40.2336 -1000.0000 0.0000 -1000.0000 0.0000
4000 2 0 -69.9993 0.0000 65.0045 40.2336 -1000.0000 0.0000 -1000.0000 0.0000
7000 0 1 -32.2142 0.0000 2.9911 -40.2336 -1000.0000 0.0000 -1000.0000 0.0000
7000 1 0 -32.2142 0.0000 2.9911 -40.2336 -1000.0000 0.0000 -1000.0000 0.0000
7000 0 2 -66.1106 0.0000 63.6756 40.2336 -1000.0000 0.0000 -1000.0000 0.0000
7000 2 0 -66.1106 0.0000 63.6756 40.2336 -1000.0000 0.0000 -1000.0000 0.0000
10000 0 1 -33.6606 0.0000 4.3199 -40.2336 -1000.0000 0.0000 -1000.0000 0.0000
10000 1 0 -33.6606 0.0000 4.3199 -40.2336 -1000.0000 0.0000 -1000.0000 0.0000
10000 0 2 -66.5732 0.0000 62.3468 40.2336 -1000.0000 0.0000 -1000.0000 0.0000
10000 2 0 -66.5732 0.0000 62.3468 40.2336 -1000.0000 0.0000 -1000.0000 0.0000
13000 0 1 -38.4259 0.0000 5.6488 -40.2336 -1000.0000 0.0000 -1000.0000 0.0000
13000 1 0 -38.4259 0.0000 5.6488 -40.2336 -1000.0000 0.0000 -1000.0000 0.0000
13000 0 2 -68.0051 0.0000 61.0179 40.2336 -1000.0000 0.0000 -1000.0000 0.0000
13000 2 0 -68.0051 0.0000 61.0179 40.2336 -1000.0000 0.0000 -1000.0000 0.0000
16000 0 1 -44.8104 0.0000 6.9776 -40.2336 -1000.0000 0.0000 -1000.0000 0.0000
16000 1 0 -44.8104 0.0000 6.9776 -40.2336 -1000.0000 0.0000 -1000.0000 0.0000
16000 0 2 -74.1429 0.0000 59.6890 40.2336 -1000.0000 0.0000 -1000.0000 0.0000
16000 2 0 -74.1429 0.0000 59.6890 40.2336 -1000.0000 0.0000 -1000.0000 0.0000
19000 0 1 -35.7785 0.0000 8.3065 -40.2336 -1000.0000 0.0000 -1000.0000 0.0000
19000 1 0 -35.7785 0.0000 8.3065 -40.2336 -1000.0000 0.0000 -1000.0000 0.0000
19000 0 2 -64.4900 0.0000 58.3602 40.2336 -1000.0000 0.0000 -1000.0000 0.0000
19000 2 0 -64.4900 0.0000 58.3602 40.2336 -1000.0000 0.0000 -1000.0000 0.0000
22000 0 1 -45.7011 0.0000 9.6353 -40.2336 -1000.0000 0.0000 -1000.0000 0.0000
22000 1 0 -45.7011 0.0000 9.6353 -40.2336 -1000.0000 0.0000 -1000.0000 0.0000
22000 0 2 -65.7629 0.0000 57.0313 40.2336 -1000.0000 0.0000 -1000.0000 0.0000
22000 2 0 -65.7629 0.0000 57.0313 40.2336 -1000.0000 0.0000 -1000.0000 0.0000
25000 0 1 -45.3269 0.0000 10.9642 -40.2336 -1000.0000 0.0000 -1000.0000 0.0000
25000 1 0 -45.3269 0.0000 10.9642 -40.2336 -1000.0000 0.0000 -1000.0000 0.0000
25000 0 2 -68.1161 0.0000 55.7025 40.2336 -1000.0000 0.0000 -1000.0000 0.0000
25000 2 0 -68.1161 0.0000 55.7025 40.2336 -1000.0000 0.0000 -1000.0000 0.0000
28000 0 1 -41.9923 0.0000 12.2931 -40.2336 -1000.0000 0.0000 -1000.0000 0.0000
28000 1 0 -41.9923 0.0000 12.2931 -40.2336 -1000.0000 0.0000 -1000.0000 0.0000
28000 0 2 -70.5709 0.0000 54.3736 40.2336 -1000.0000 0.0000 -1000.0000 0.0000
28000 2 0 -70.5709 0.0000 54.3736 40.2336 -1000.0000 0.0000 -1000.0000 0.0000
31000 0 1 -52.5903 0.0000 13.6219 -40.2336 -1000.0000 0.0000 -1000.0000 0.0000
31000 1 0 -52.5903 0.0000 13.6219 -40.2336 -1000.0000 0.0000 -1000.0000 0.0000
31000 0 2 -68.3407 0.0000 53.0447 40.2336 -1000.0000 0.0000 -1000.0000 0.0000
31000 2 0 -68.3407 0.0000 53.0447 40.2336 -1000.0000 0.0000 -1000.0000 0.0000
34000 0 1 -52.8272 0.0000 14.9508 -40.2336 -1000.0000 0.0000 -1000.0000 0.0000
34000 1 0 -52.8272 0.0000 14.9508 -40.2336 -1000.0000 0.0000 -1000.0000 0.0000
34000 0 2 -71.7495 0.0000 51.7159 40.2336 -1000.0000 0.0000 -1000.0000 0.0000
34000 2 0 -71.7495 0.0000 51.7159 40.2336 -1000.0000 0.0000 -1000.0000 0.0000
37000 0 1 -56.2534 0.0000 16.2796 -40.2336 -1000.0000 0.0000 -1000.0000 0.0000
37000 1 0 -56.2534 0.0000 16.2796 -40.2336 -1000.0000 0.0000 -1000.0000 0.0000
37000 0 2 -67.5707 0.0000 50.3870 40.2336 -1000.0000 0.0000 -1000.0000 0.0000
37000 2 0 -67.5707 0.0000 50.3870 40.2336 -1000.0000 0.0000 -1000.0000 0.0000
40000 0 1 -61.2959 0.0000 17.6085 -40.2336 -1000.0000 0.0000 -1000.0000 0.0000
40000 1 0 -61.2959 0.0000 17.6085 -40.2336 -1000.0000 0.0000 -1000.0000 0.0000
40000 0 2 -62.7132 0.0000 49.0582 40.2336 -1000.0000 0.0000 -1000.0000 0.0000
40000 2 0 -62.7132 0.0000 49.0582 40.2336 -1000.0000 0.0000 -1000.0000 0.0000
43000 0 1 -59.0127 0.0000 18.9374 -40.2336 -1000.0000 0.0000 -1000.0000 0.0000
43000 1 0 -59.0127 0.0000 18.9374 -40.2336 -1000.0000 0.0000 -1000.0000 0.0000
43000 0 2 -58.9998 0.0000 47.7293 40.2336 -1000.0000 0.0000 -1000.0000 0.0000
43000 2 0 -58.9998 0.0000 47.7293 40.2336 -1000.0000 0.0000 -1000.0000 0.0000
46000 0 1 -57.9561 0.0000 20.2662 -40.2336 -1000.0000 0.0000 -1000.0000 0.0000
46000 1 0 -57.9561 0.0000 20.2662 -40.2336 -1000.0000 0.0000 -1000.0000 0.0000
46000 0 2 -67.4014 0.0000 46.4004 40.2336 -1000.0000 0.0000 -1000.0000 0.0000
46000 2 0 -67.4014 0.0000 46.4004 40.2336 -1000.0000 0.0000 -1000.0000 0.0000
49000 0 1 -63.3183 0.0000 21.5951 -40.2336 -1000.0000 0.0000 -1000.0000 0.0000
49000 1 0 -63.3183 0.0000 21.5951 -40.2336 -1000.0000 0.0000 -1000.0000 0.0000
49000 0 2 -63.3593 0.0000 45.0716 40.2336 -1000.0000 0.0000 -1000.0000 0.0000
49000 2 0 -63.3593 0.0000 45.0716 40.2336 -1000.0000 0.0000 -1000.0000 0.0000
52000 0 1 -63.2074 0.0000 22.9239 -40.2336 -1000.0000 0.0000 -1000.0000 0.0000
52000 1 0 -63.2074 0.0000 22.9239 -40.2336 -1000.0000 0.0000 -1000.0000 0.0000
52000 0 2 -69.4938 0.0000 43.7427 40.2336 -1000.0000 0.0000 -1000.0000 0.0000
52000 2 0 -69.4938 0.0000 43.7427 40.2336 -1000.0000 0.0000 -1000.0000 0.0000
55000 0 1 -52.9384 0.0000 24.2528 -40.2336 -1000.0000 0.0000 -1000.0000 0.0000
55000 1 0 -52.9384 0.0000 24.2528 -40.2336 -1000.0000 0.0000 -1000.0000 0.0000
55000 0 2 -63.1225 0.0000 42.4139 40.2336 -1000.0000 0.0000 -1000.0000 0.0000
55000 2 0 -63.1225 0.0000 42.4139 40.2336 -1000.0000 0.0000 -1000.0000 0.0000
58000 0 1 -58.0345 0.0000 25.5817 -40.2336 -1000.0000 0.0000 -1000.0000 0.0000
58000 1 0 -58.0345 0.0000 25.5817 -40.2336 -1000.0000 0.0000 -1000.0000 0.0000
58000 0 2 -61.3491 0.0000 41.0850 40.2336 -1000.0000 0.0000 -1000.0000 0.0000
58000 2 0 -61.3491 0.0000 41.0850 40.2336 -1000.0000 0.0000 -1000.0000 0.0000
61000 0 1 -61.2663 0.0000 26.9105 -40.2336 -1000.0000 0.0000 -1000.0000 0.0000
61000 1 0 -61.2663 0.0000 26.9105 -40.2336 -1000.0000 0.0000 -1000.0000 0.0000
61000 0 2 -64.9322 0.0000 39.7562 40.2336 -1000.0000 0.0000 -1000.0000 0.0000
61000 2 0 -64.9322 0.0000 39.7562 40.2336 -1000.0000 0.0000 -1000.0000 0.0000
64000 0 1 -52.6453 0.0000 28.2394 -40.2336 -1000.0000 0.0000 -1000.0000 0.0000
64000 1 0 -52.6453 0.0000 28.2394 -40.2336 -1000.0000 0.0000 -1000.0000 0.0000
64000 0 2 -62.5330 0.0000 38.4273 40.2336 -1000.0000 0.0000 -1000.0000 0.0000
64000 2 0 -62.5330 0.0000 38.4273 40.2336 -1000.0000 0.0000 -1000.0000 0.0000
67000 0 1 -58.0799 0.0000 29.5682 -40.2336 -1000.0000 0.0000 -1000.0000 0.0000
67000 1 0 -58.0799 0.0000 29.5682 -40.2336 -1000.0000 0.0000 -1000.0000 0.0000
67000 0 2 -60.9621 0.0000 37.0984 40.2336 -1000.0000 0.0000 -1000.0000 0.0000
67000 2 0 -60.9621 0.0000 37.0984 40.2336 -1000.0000 0.0000 -1000.0000 0.0000
70000 0 1 -55.1533 0.0000 30.8971 -40.2336 -1000.0000 0.0000 -1000.0000 0.0000
70000 1 0 -55.1533 0.0000 30.8971 -40.2336 -1000.0000 0.0000 -1000.0000 0.0000
70000 0 2 -64.1857 0.0000 35.7696 40.2336 -1000.0000 0.0000 -1000.0000 0.0000
70000 2 0 -64.1857 0.0000 35.7696 40.2336 -1000.0000 0.0000 -1000.0000 0.0000
73000 0 1 -64.5721 0.0000 32.2260 -40.2336 -1000.0000 0.0000 -1000.0000 0.0000
73000 1 0 -64.5721 0.0000 32.2260 -40.2336 -1000.0000 0.0000 -1000.0000 0.0000
73000 0 2 -56.3365 0.0000 34.4407 40.2336 -1000.0000 0.0000 -1000.0000 0.0000
73000 2 0 -56.3365 0.0000 34.4407 40.2336 -1000.0000 0.0000 -1000.0000 0.0000
76000 0 1 -62.3246 0.0000 33.5548 -40.2336 -1000.0000 0.0000 -1000.0000 0.0000
76000 1 0 -62.3246 0.0000 33.5548 -40.2336 -1000.0000 0.0000 -1000.0000 0.0000
76000 0 2 -69.9939 0.0000 33.1119 40.2336 -1000.0000 0.0000 -1000.0000 0.0000
76000 2 0 -69.9939 0.0000 33.1119 40.2336 -1000.0000 0.0000 -1000.0000 0.0000
79000 0 1 -65.0681 0.0000 34.8837 -40.2336 -1000.0000 0.0000 -1000.0000 0.0000
79000 1 0 -65.0681 0.0000 34.8837 -40.2336 -1000.0000 0.0000 -1000.0000 0.0000
79000 0 2 -60.3921 0.0000 31.7830 40.2336 -1000.0000 0.0000 -1000.0000 0.0000
79000 2 0 -60.3921 0.0000 31.7830 40.2336 -1000.0000 0.0000 -1000.0000 0.0000
82000 0 1 -67.3529 0.0000 36.2125 -40.2336 -1000.0000 0.0000 -1000.0000 0.0000
82000 1 0 -67.3529 0.0000 36.2125 -40.2336 -1000.0000 0.0000 -1000.0000 0.0000
82000 0 2 -60.0555 0.0000 30.4541 40.2336 -1000.0000 0.0000 -1000.0000 0.0000
82000 2 0 -60.0555 0.0000 30.4541 40.2336 -1000.0000 0.0000 -1000.0000 0.0000
85000 0 1 -59.7188 0.0000 37.5414 -40.2336 -1000.0000 0.0000 -1000.0000 0.0000
85000 1 0 -59.7188 0.0000 37.5414 -40.2336 -1000.0000 0.0000 -1000.0000 0.0000
85000 0 2 -59.0884 0.0000 29.1253 40.2336 -1000.0000 0.0000 -1000.0000 0.0000
85000 2 0 -59.0884 0.0000 29.1253 40.2336 -1000.0000 0.0000 -1000.0000 0.0000
88000 0 1 -61.6404 0.0000 38.8702 -40.2336 -1000.0000 0.0000 -1000.0000 0.0000
88000 1 0 -61.6404 0.0000 38.8702 -40.2336 -1000.0000 0.0000 -1000.0000 0.0000
88000 0 2 -58.0510 0.0000 27.7964 40.2336 -1000.0000 0.0000 -1000.0000 0.0000
88000 2 0 -58.0510 0.0000 27.7964 40.2336 -1000.0000 0.0000 -1000.0000 0.0000
91000 0 1 -63.6410 0.0000 40.1991 -40.2336 -1000.0000 0.0000 -1000.0000 0.0000
91000 1 0 -63.6410 0.0000 40.1991 -40.2336 -1000.0000 0.0000 -1000.0000 0.0000
91000 0 2 -60.3152 0.0000 26.4676 40.2336 -1000.0000 0.0000 -1000.0000 0.0000
91000 2 0 -60.3152 0.0000 26.4676 40.2336 -1000.0000 0.0000 -1000.0000 0.0000
94000 0 1 -63.4477 0.0000 41.5280 -40.2336 -1000.0000 0.0000 -1000.0000 0.0000
94000 1 0 -63.4477 0.0000 41.5280 -40.2336 -1000.0000 0.0000 -1000.0000 0.0000
94000 0 2 -59.3897 0.0000 25.1387 40.2336 -1000.0000 0.0000 -1000.0000 0.0000
94000 2 0 -59.3897 0.0000 25.1387 40.2336 -1000.0000 0.0000 -1000.0000 0.0000
97000 0 1 -62.7507 0.0000 42.8568 -40.2336 -1000.0000 0.0000 -1000.0000 0.0000
97000 1 0 -62.7507 0.0000 42.8568 -40.2336 -1000.0000 0.0000 -1000.0000 0.0000
97000 0 2 -57.3832 0.0000 23.8098 40.2336 -1000.0000 0.0000 -1000.0000 0.0000
97000 2 0 -57.3832 0.0000 23.8098 40.2336 -1000.0000 0.0000 -1000.0000 0.0000
100000 0 1 -61.8978 0.0000 44.1857 -40.2336 -1000.0000 0.0000 -1000.0000 0.0000
100000 1 0 -61.8978 0.0000 44.1857 -40.2336 -1000.0000 0.0000 -1000.0000 0.0000
100000 0 2 -53.5608 0.0000 22.4810 40.2336 -1000.0000 0.0000 -1000.0000 0.0000
100000 2 0 -53.5608 0.0000 22.4810 40.2336 -1000.0000 0.0000 -1000.0000 0.0000
103000 0 1 -65.4611 0.0000 45.5145 -40.2336 -1000.0000 0.0000 -1000.0000 0.0000
103000 1 0 -65.4611 0.0000 45.5145 -40.2336 -1000.0000 0.0000 -1000.0000 0.0000
103000 0 2 -54.5020 0.0000 21.1521 40.2336 -1000.0000 0.0000 -1000.0000 0.0000
103000 2 0 -54.5020 0.0000 21.1521 40.2336 -1000.0000 0.0000 -1000.0000 0.0000
106000 0 1 -70.8380 0.0000 46.8434 -40.2336 -1000.0000 0.0000 -1000.0000 0.0000
106000 1 0 -70.8380 0.0000 46.8434 -40.2336 -1000.0000 0.0000 -1000.0000 0.0000
106000 0 2 -59.8180 0.0000 19.8233 40.2336 -1000.0000 0.0000 -1000.0000 0.0000
106000 2 0 -59.8180 0.0000 19.8233 40.2336 -1000.0000 0.0000 -1000.0000 0.0000
109000 0 1 -65.0706 0.0000 48.1723 -40.2336 -1000.0000 0.0000 -1000.0000 0.0000
109000 1 0 -65.0706 0.0000 48.1723 -40.2336 -1000.0000 0.0000 -1000.0000 0.0000
109000 0 2 -51.5658 0.0000 18.4944 40.2336 -1000.0000 0.0000 -1000.0000 0.0000
109000 2 0 -51.5658 0.0000 18.4944 40.2336 -1000.0000 0.0000 -1000.0000 0.0000
112000 0 1 -63.3626 0.0000 49.5011 -40.2336 -1000.0000 0.0000 -1000.0000 0.0000
112000 1 0 -63.3626 0.0000 49.5011 -40.2336 -1000.0000 0.0000 -1000.0000 0.0000
112000 0 2 -60.9741 0.0000 17.1655 40.2336 -1000.0000 0.0000 -1000.0000 0.0000
112000 2 0 -60.9741 0.0000 17.1655 40.2336 -1000.0000 0.0000 -1000.0000 0.0000
115000 0 1 -69.3333 0.0000 50.8300 -40.2336 -1000.0000 0.0000 -1000.0000 0.0000
115000 1 0 -69.3333 0.0000 50.8300 -40.2336 -1000.0000 0.0000 -1000.0000 0.0000
115000 0 2 -51.6735 0.0000 15.8367 40.2336 -1000.0000 0.0000 -1000.0000 0.0000
115000 2 0 -51.6735 0.0000 15.8367 40.2336 -1000.0000 0.0000 -1000.0000 0.0000
118000 0 1 -66.3630 0.0000 52.1588 -40.2336 -1000.0000 0.0000 -1000.0000 0.0000
118000 1 0 -66.3630 0.0000 52.1588 -40.2336 -1000.0000 0.0000 -1000.0000 0.0000
118000 0 2 -56.8845 0.0000 14.5078 40.2336 -1000.0000 0.0000 -1000.0000 0.0000
118000 2 0 -56.8845 0.0000 14.5078 40.2336 -1000.0000 0.0000 -1000.0000 0.0000
121000 0 1 -64.3466 0.0000 53.4877 -40.2336 -1000.0000 0.0000 -1000.0000 0.0000
121000 1 0 -64.3466 0.0000 53.4877 -40.2336 -1000.0000 0.0000 -1000.0000 0.0000
121000 0 2 -51.5035 0.0000 13.1790 40.2336 -1000.0000 0.0000 -1000.0000 0.0000
121000 2 0 -51.5035 0.0000 13.1790 40.2336 -1000.0000 0.0000 -1000.0000 0.0000
124000 0 1 -69.1070 0.0000 54.8166 -40.2336 -1000.0000 0.0000 -1000.0000 0.0000
124000 1 0 -69.1070 0.0000 54.8166 -40.2336 -1000.0000 0.0000 -1000.0000 0.0000
124000 0 2 -52.4273 0.0000 11.8501 40.2336 -1000.0000 0.0000 -1000.0000 0.0000
124000 2 0 -52.4273 0.0000 11.8501 40.2336 -1000.0000 0.0000 -1000.0000 0.0000
127000 0 1 -64.6224 0.0000 56.1454 -40.2336 -1000.0000 0.0000 -1000.0000 0.0000
127000 1 0 -64.6224 0.0000 56.1454 -40.2336 -1000.0000 0.0000 -1000.0000 0.0000
127000 0 2 -48.6573 0.0000 10.5213 40.2336 -1000.0000 0.0000 -1000.0000 0.0000
127000 2 0 -48.6573 0.0000 10.5213 40.2336 -1000.0000 0.0000 -1000.0000 0.0000
130000 0 1 -68.1449 0.0000 57.4743 -40.2336 -1000.0000 0.0000 -1000.0000 0.0000
130000 1 0 -68.1449 0.0000 57.4743 -40.2336 -1000.0000 0.0000 -1000.0000 0.0000
130000 0 2 -41.8830 0.0000 9.1924 40.2336 -1000.0000 0.0000 -1000.0000 0.0000
130000 2 0 -41.8830 0.0000 9.1924 40.2336 -1000.0000 0.0000 -1000.0000 0.0000
133000 0 1 -70.8671 0.0000 58.8031 -40.2336 -1000.0000 0.0000 -1000.0000 0.0000
133000 1 0 -70.8671 0.0000 58.8031 -40.2336 -1000.0000 0.0000 -1000.0000 0.0000
133000 0 2 -41.2037 0.0000 7.8635 40.2336 -1000.0000 0.0000 -1000.0000 0.0000
133000 2 0 -41.2037 0.0000 7.8635 40.2336 -1000.0000 0.0000 -1000.0000 0.0000
136000 0 1 -65.3052 0.0000 60.1320 -40.2336 -1000.0000 0.0000 -1000.0000 0.0000
136000 1 0 -65.3052 0.0000 60.1320 -40.2336 -1000.0000 0.0000 -1000.0000 0.0000
136000 0 2 -35.6361 0.0000 6.5347 40.2336 -1000.0000 0.0000 -1000.0000 0.0000
136000 2 0 -35.6361 0.0000 6.5347 40.2336 -1000.0000 0.0000 -1000.0000 0.0000
139000 0 1 -78.4699 0.0000 61.4609 -40.2336 -1000.0000 0.0000 -1000.0000 0.0000
139000 1 0 -78.4699 0.0000 61.4609 -40.2336 -1000.0000 0.0000 -1000.0000 0.0000
139000 0 2 -39.9383 0.0000 5.2058 40.2336 -1000.0000 0.0000 -1000.0000 0.0000
139000 2 0 -39.9383 0.0000 5.2058 40.2336 -1000.0000 0.0000 -1000.0000 0.0000
142000 0 1 -69.3893 0.0000 62.7897 -40.2336 -1000.0000 0.0000 -1000.0000 0.0000
142000 1 0 -69.3893 0.0000 62.7897 -40.2336 -1000.0000 0.0000 -1000.0000 0.0000
142000 0 2 -41.4474 0.0000 3.8770 40.2336 -1000.0000 0.0000 -1000.0000 0.0000
142000 2 0 -41.4474 0.0000 3.8770 40.2336 -1000.0000 0.0000 -1000.0000 0.0000
145000 0 1 -74.8512 0.0000 64.1186 -40.2336 -1000.0000 0.0000 -1000.0000 0.0000
145000 1 0 -74.8512 0.0000 64.1186 -40.2336 -1000.0000 0.0000 -1000.0000 0.0000
145000 0 2 -29.6449 0.0000 2.5481 40.2336 -1000.0000 0.0000 -1000.0000 0.0000
145000 2 0 -29.6449 0.0000 2.5481 40.2336 -1000.0000 0.0000 -1000.0000 0.0000
148000 0 1 -68.8939 0.0000 65.4474 -40.2336 -1000.0000 0.0000 -1000.0000 0.0000
148000 1 0 -68.8939 0.0000 65.4474 -40.2336 -1000.0000 0.0000 -1000.0000 0.0000
148000 0 2 -16.7872 0.0000 1.2192 40.2336 -1000.0000 0.0000 -1000.0000 0.0000
148000 2 0 -16.7872 0.0000 1.2192 40.2336 -1000.0000 0.0000 -1000.0000 0.0000
