1000 1 1 -80.0000 0.0000 0.0000 -0.0000 -1000.0000 0.0000 -1000.0000 0.0000
1000 1 2 -80.0000 0.0000 0.0000 -0.0000 -1000.0000 0.0000 -1000.0000 0.0000
1000 1 3 -80.0000 0.0000 0.0000 -0.0000 -1000.0000 0.0000 -1000.0000 0.0000
1000 1 4 -80.0000 0.0000 0.0000 -0.0000 -1000.0000 0.0000 -1000.0000 0.0000
1000 1 5 -80.0000 0.0000 0.0000 -0.0000 -1000.0000 0.0000 -1000.0000 0.0000
1000 1 6 -80.0000 0.0000 0.0000 -0.0000 -1000.0000 0.0000 -1000.0000 0.0000
1000 1 7 -80.0000 0.0000 0.0000 -0.0000 -1000.0000 0.0000 -1000.0000 0.0000
1000 1 8 -80.0000 0.0000 0.0000 -0.0000 -1000.0000 0.0000 -1000.0000 0.0000
1000 1 9 -80.0000 0.0000 0.0000 -0.0000 -1000.0000 0.0000 -1000.0000 0.0000
1000 1 10 -80.0000 0.0000 0.0000 -0.0000 -1000.0000 0.0000 -1000.0000 0.0000
1000 1 11 -80.0000 0.0000 0.0000 -0.0000 -1000.0000 0.0000 -1000.0000 0.0000
1000 1 12 -80.0000 0.0000 0.0000 -0.0000 -1000.0000 0.0000 -1000.0000 0.0000
1000 1 13 -80.0000 0.0000 0.0000 -0.0000 -1000.0000 0.0000 -1000.0000 0.0000
1000 1 14 -80.0000 0.0000 0.0000 -0.0000 -1000.0000 0.0000 -1000.0000 0.0000
1000 1 15 -80.0000 0.0000 0.0000 -0.0000 -1000.0000 0.0000 -1000.0000 0.0000
1000 1 16 -80.0000 0.0000 0.0000 -0.0000 -1000.0000 0.0000 -1000.0000 0.0000
1000 2 1 -80.0000 0.0000 0.0000 -0.0000 -1000.0000 0.0000 -1000.0000 0.0000
1000 2 2 -80.0000 0.0000 0.0000 -0.0000 -1000.0000 0.0000 -1000.0000 0.0000
1000 2 3 -80.0000 0.0000 0.0000 -0.0000 -1000.0000 0.0000 -1000.0000 0.0000
1000 2 4 -80.0000 0.0000 0.0000 -0.0000 -1000.0000 0.0000 -1000.0000 0.0000
1000 2 5 -80.0000 0.0000 0.0000 -0.0000 -1000.0000 0.0000 -1000.0000 0.0000
1000 2 6 -80.0000 0.0000 0.0000 -0.0000 -1000.0000 0.0000 -1000.0000 0.0000
1000 2 7 -80.0000 0.0000 0.0000 -0.0000 -1000.0000 0.0000 -1000.0000 0.0000
1000 2 8 -80.0000 0.0000 0.0000 -0.0000 -1000.0000 0.0000 -1000.0000 0.0000
1000 2 9 -80.0000 0.0000 0.0000 -0.0000 -1000.0000 0.0000 -1000.0000 0.0000
1000 2 10 -80.0000 0.0000 0.0000 -0.0000 -1000.0000 0.0000 -1000.0000 0.0000
1000 2 11 -80.0000 0.0000 0.0000 -0.0000 -1000.0000 0.0000 -1000.0000 0.0000
1000 2 12 -80.0000 0.0000 0.0000 -0.0000 -1000.0000 0.0000 -1000.0000 0.0000
1000 2 13 -80.0000 0.0000 0.0000 -0.0000 -1000.0000 0.0000 -1000.0000 0.0000
1000 2 14 -80.0000 0.0000 0.0000 -0.0000 -1000.0000 0.0000 -1000.0000 0.0000
1000 2 15 -80.0000 0.0000 0.0000 -0.0000 -1000.0000 0.0000 -1000.0000 0.0000
1000 2 16 -80.0000 0.0000 0.0000 -0.0000 -1000.0000 0.0000 -1000.0000 0.0000
1000 3 1 -80.0000 0.0000 0.0000 -0.0000 -1000.0000 0.0000 -1000.0000 0.0000
1000 3 2 -80.0000 0.0000 0.0000 -0.0000 -1000.0000 0.0000 -1000.0000 0.0000
1000 3 3 -80.0000 0.0000 0.0000 -0.0000 -1000.0000 0.0000 -1000.0000 0.0000
1000 3 4 -80.0000 0.0000 0.0000 -0.0000 -1000.0000 0.0000 -1000.0000 0.0000
1000 3 5 -80.0000 0.0000 0.0000 -0.0000 -1000.0000 0.0000 -1000.0000 0.0000
1000 3 6 -80.0000 0.0000 0.0000 -0.0000 -1000.0000 0.0000 -1000.0000 0.0000
1000 3 7 -80.0000 0.0000 0.0000 -0.0000 -1000.0000 0.0000 -1000.0000 0.0000
1000 3 8 -80.0000 0.0000 0.0000 -0.0000 -1000.0000 0.0000 -1000.0000 0.0000
1000 3 9 -80.0000 0.0000 0.0000 -0.0000 -1000.0000 0.0000 -1000.0000 0.0000
1000 3 10 -80.0000 0.0000 0.0000 -0.0000 -1000.0000 0.0000 -1000.0000 0.0000
1000 3 11 -80.0000 0.0000 0.0000 -0.0000 -1000.0000 0.0000 -1000.0000 0.0000
1000 3 12 -80.0000 0.0000 0.0000 -0.0000 -1000.0000 0.0000 -1000.0000 0.0000
1000 3 13 -80.0000 0.0000 0.0000 -0.0000 -1000.0000 0.0000 -1000.0000 0.0000
1000 3 14 -80.0000 0.0000 0.0000 -0.0000 -1000.0000 0.0000 -1000.0000 0.0000
1000 3 15 -80.0000 0.0000 0.0000 -0.0000 -1000.0000 0.0000 -1000.0000 0.0000
1000 3 16 -80.0000 0.0000 0.0000 -0.0000 -1000.0000 0.0000 -1000.0000 0.0000
1000 4 1 -80.0000 0.0000 0.0000 -0.0000 -1000.0000 0.0000 -1000.0000 0.0000
1000 4 2 -80.0000 0.0000 0.0000 -0.0000 -1000.0000 0.0000 -1000.0000 0.0000
1000 4 3 -80.0000 0.0000 0.0000 -0.0000 -1000.0000 0.0000 -1000.0000 0.0000
1000 4 4 -80.0000 0.0000 0.0000 -0.0000 -1000.0000 0.0000 -1000.0000 0.0000
1000 4 5 -80.0000 0.0000 0.0000 -0.0000 -1000.0000 0.0000 -1000.0000 0.0000
1000 4 6 -80.0000 0.0000 0.0000 -0.0000 -1000.0000 0.0000 -1000.0000 0.0000
1000 4 7 -80.0000 0.0000 0.0000 -0.0000 -1000.0000 0.0000 -1000.0000 0.0000
1000 4 8 -80.0000 0.0000 0.0000 -0.0000 -1000.0000 0.0000 -1000.0000 0.0000
1000 4 9 -80.0000 0.0000 0.0000 -0.0000 -1000.0000 0.0000 -1000.0000 0.0000
1000 4 10 -80.0000 0.0000 0.0000 -0.0000 -1000.0000 0.0000 -1000.0000 0.0000
1000 4 11 -80.0000 0.0000 0.0000 -0.0000 -1000.0000 0.0000 -1000.0000 0.0000
1000 4 12 -80.0000 0.0000 0.0000 -0.0000 -1000.0000 0.0000 -1000.0000 0.0000
1000 4 13 -80.0000 0.0000 0.0000 -0.0000 -1000.0000 0.0000 -1000.0000 0.0000
1000 4 14 -80.0000 0.0000 0.0000 -0.0000 -1000.0000 0.0000 -1000.0000 0.0000
1000 4 15 -80.0000 0.0000 0.0000 -0.0000 -1000.0000 0.0000 -1000.0000 0.0000
1000 4 16 -80.0000 0.0000 0.0000 -0.0000 -1000.0000 0.0000 -1000.0000 0.0000
1000 5 1 -80.0000 0.0000 0.0000 -0.0000 -1000.0000 0.0000 -1000.0000 0.0000
1000 5 2 -80.0000 0.0000 0.0000 -0.0000 -1000.0000 0.0000 -1000.0000 0.0000
1000 5 3 -80.0000 0.0000 0.0000 -0.0000 -1000.0000 0.0000 -1000.0000 0.0000
1000 5 4 -80.0000 0.0000 0.0000 -0.0000 -1000.0000 0.0000 -1000.0000 0.0000
1000 5 5 -80.0000 0.0000 0.0000 -0.0000 -1000.0000 0.0000 -1000.0000 0.0000
1000 5 6 -80.0000 0.0000 0.0000 -0.0000 -1000.0000 0.0000 -1000.0000 0.0000
1000 5 7 -80.0000 0.0000 0.0000 -0.0000 -1000.0000 0.0000 -1000.0000 0.0000
1000 5 8 -80.0000 0.0000 0.0000 -0.0000 -1000.0000 0.0000 -1000.0000 0.0000
1000 5 9 -80.0000 0.0000 0.0000 -0.0000 -1000.0000 0.0000 -1000.0000 0.0000
1000 5 10 -80.0000 0.0000 0.0000 -0.0000 -1000.0000 0.0000 -1000.0000 0.0000
1000 5 11 -80.0000 0.0000 0.0000 -0.0000 -1000.0000 0.0000 -1000.0000 0.0000
1000 5 12 -80.0000 0.0000 0.0000 -0.0000 -1000.0000 0.0000 -1000.0000 0.0000
1000 5 13 -80.0000 0.0000 0.0000 -0.0000 -1000.0000 0.0000 -1000.0000 0.0000
1000 5 14 -80.0000 0.0000 0.0000 -0.0000 -1000.0000 0.0000 -1000.0000 0.0000
1000 5 15 -80.0000 0.0000 0.0000 -0.0000 -1000.0000 0.0000 -1000.0000 0.0000
1000 5 16 -80.0000 0.0000 0.0000 -0.0000 -1000.0000 0.0000 -1000.0000 0.0000
1000 6 1 -80.0000 0.0000 0.0000 -0.0000 -1000.0000 0.0000 -1000.0000 0.0000
1000 6 2 -80.0000 0.0000 0.0000 -0.0000 -1000.0000 0.0000 -1000.0000 0.0000
1000 6 3 -80.0000 0.0000 0.0000 -0.0000 -1000.0000 0.0000 -1000.0000 0.0000
1000 6 4 -80.0000 0.0000 0.0000 -0.0000 -1000.0000 0.0000 -1000.0000 0.0000
1000 6 5 -80.0000 0.0000 0.0000 -0.0000 -1000.0000 0.0000 -1000.0000 0.0000
1000 6 6 -80.0000 0.0000 0.0000 -0.0000 -1000.0000 0.0000 -1000.0000 0.0000
1000 6 7 -80.0000 0.0000 0.0000 -0.0000 -1000.0000 0.0000 -1000.0000 0.0000
1000 6 8 -80.0000 0.0000 0.0000 -0.0000 -1000.0000 0.0000 -1000.0000 0.0000
1000 6 9 -80.0000 0.0000 0.0000 -0.0000 -1000.0000 0.0000 -1000.0000 0.0000
1000 6 10 -80.0000 0.0000 0.0000 -0.0000 -1000.0000 0.0000 -1000.0000 0.0000
1000 6 11 -80.0000 0.0000 0.0000 -0.0000 -1000.0000 0.0000 -1000.0000 0.0000
1000 6 12 -80.0000 0.0000 0.0000 -0.0000 -1000.0000 0.0000 -1000.0000 0.0000
1000 6 13 -80.0000 0.0000 0.0000 -0.0000 -1000.0000 0.0000 -1000.0000 0.0000
1000 6 14 -80.0000 0.0000 0.0000 -0.0000 -1000.0000 0.0000 -1000.0000 0.0000
1000 6 15 -80.0000 0.0000 0.0000 -0.0000 -1000.0000 0.0000 -1000.0000 0.0000
1000 6 16 -80.0000 0.0000 0.0000 -0.0000 -1000.0000 0.0000 -1000.0000 0.0000
1000 7 1 -80.0000 0.0000 0.0000 -0.0000 -1000.0000 0.0000 -1000.0000 0.0000
1000 7 2 -80.0000 0.0000 0.0000 -0.0000 -1000.0000 0.0000 -1000.0000 0.0000
1000 7 3 -80.0000 0.0000 0.0000 -0.0000 -1000.0000 0.0000 -1000.0000 0.0000
1000 7 4 -80.0000 0.0000 0.0000 -0.0000 -1000.0000 0.0000 -1000.0000 0.0000
1000 7 5 -80.0000 0.0000 0.0000 -0.0000 -1000.0000 0.0000 -1000.0000 0.0000
1000 7 6 -80.0000 0.0000 0.0000 -0.0000 -1000.0000 0.0000 -1000.0000 0.0000
1000 7 7 -80.0000 0.0000 0.0000 -0.0000 -1000.0000 0.0000 -1000.0000 0.0000
1000 7 8 -80.0000 0.0000 0.0000 -0.0000 -1000.0000 0.0000 -1000.0000 0.0000
1000 7 9 -80.0000 0.0000 0.0000 -0.0000 -1000.0000 0.0000 -1000.0000 0.0000
1000 7 10 -80.0000 0.0000 0.0000 -0.0000 -1000.0000 0.0000 -1000.0000 0.0000
1000 7 11 -80.0000 0.0000 0.0000 -0.0000 -1000.0000 0.0000 -1000.0000 0.0000
1000 7 12 -80.0000 0.0000 0.0000 -0.0000 -1000.0000 0.0000 -1000.0000 0.0000
1000 7 13 -80.0000 0.0000 0.0000 -0.0000 -1000.0000 0.0000 -1000.0000 0.0000
1000 7 14 -80.0000 0.0000 0.0000 -0.0000 -1000.0000 0.0000 -1000.0000 0.0000
1000 7 15 -80.0000 0.0000 0.0000 -0.0000 -1000.0000 0.0000 -1000.0000 0.0000
1000 7 16 -80.0000 0.0000 0.0000 -0.0000 -1000.0000 0.0000 -1000.0000 0.0000
1000 8 1 -80.0000 0.0000 0.0000 -0.0000 -1000.0000 0.0000 -1000.0000 0.0000
1000 8 2 -80.0000 0.0000 0.0000 -0.0000 -1000.0000 0.0000 -1000.0000 0.0000
1000 8 3 -80.0000 0.0000 0.0000 -0.0000 -1000.0000 0.0000 -1000.0000 0.0000
1000 8 4 -80.0000 0.0000 0.0000 -0.0000 -1000.0000 0.0000 -1000.0000 0.0000
1000 8 5 -80.0000 0.0000 0.0000 -0.0000 -1000.0000 0.0000 -1000.0000 0.0000
1000 8 6 -80.0000 0.0000 0.0000 -0.0000 -1000.0000 0.0000 -1000.0000 0.0000
1000 8 7 -80.0000 0.0000 0.0000 -0.0000 -1000.0000 0.0000 -1000.0000 0.0000
1000 8 8 -80.0000 0.0000 0.0000 -0.0000 -1000.0000 0.0000 -1000.0000 0.0000
1000 8 9 -80.0000 0.0000 0.0000 -0.0000 -1000.0000 0.0000 -1000.0000 0.0000
1000 8 10 -80.0000 0.0000 0.0000 -0.0000 -1000.0000 0.0000 -1000.0000 0.0000
1000 8 11 -80.0000 0.0000 0.0000 -0.0000 -1000.0000 0.0000 -1000.0000 0.0000
1000 8 12 -80.0000 0.0000 0.0000 -0.0000 -1000.0000 0.0000 -1000.0000 0.0000
1000 8 13 -80.0000 0.0000 0.0000 -0.0000 -1000.0000 0.0000 -1000.0000 0.0000
1000 8 14 -80.0000 0.0000 0.0000 -0.0000 -1000.0000 0.0000 -1000.0000 0.0000
1000 8 15 -80.0000 0.0000 0.0000 -0.0000 -1000.0000 0.0000 -1000.0000 0.0000
1000 8 16 -80.0000 0.0000 0.0000 -0.0000 -1000.0000 0.0000 -1000.0000 0.0000
1000 9 1 -80.0000 0.0000 0.0000 -0.0000 -1000.0000 0.0000 -1000.0000 0.0000
1000 9 2 -80.0000 0.0000 0.0000 -0.0000 -1000.0000 0.0000 -1000.0000 0.0000
1000 9 3 -80.0000 0.0000 0.0000 -0.0000 -1000.0000 0.0000 -1000.0000 0.0000
1000 9 4 -80.0000 0.0000 0.0000 -0.0000 -1000.0000 0.0000 -1000.0000 0.0000
1000 9 5 -80.0000 0.0000 0.0000 -0.0000 -1000.0000 0.0000 -1000.0000 0.0000
1000 9 6 -80.0000 0.0000 0.0000 -0.0000 -1000.0000 0.0000 -1000.0000 0.0000
1000 9 7 -80.0000 0.0000 0.0000 -0.0000 -1000.0000 0.0000 -1000.0000 0.0000
1000 9 8 -80.0000 0.0000 0.0000 -0.0000 -1000.0000 0.0000 -1000.0000 0.0000
1000 9 9 -80.0000 0.0000 0.0000 -0.0000 -1000.0000 0.0000 -1000.0000 0.0000
1000 9 10 -80.0000 0.0000 0.0000 -0.0000 -1000.0000 0.0000 -1000.0000 0.0000
1000 9 11 -80.0000 0.0000 0.0000 -0.0000 -1000.0000 0.0000 -1000.0000 0.0000
1000 9 12 -80.0000 0.0000 0.0000 -0.0000 -1000.0000 0.0000 -1000.0000 0.0000
1000 9 13 -80.0000 0.0000 0.0000 -0.0000 -1000.0000 0.0000 -1000.0000 0.0000
1000 9 14 -80.0000 0.0000 0.0000 -0.0000 -1000.0000 0.0000 -1000.0000 0.0000
1000 9 15 -80.0000 0.0000 0.0000 -0.0000 -1000.0000 0.0000 -1000.0000 0.0000
1000 9 16 -80.0000 0.0000 0.0000 -0.0000 -1000.0000 0.0000 -1000.0000 0.0000
1000 10 1 -80.0000 0.0000 0.0000 -0.0000 -1000.0000 0.0000 -1000.0000 0.0000
1000 10 2 -80.0000 0.0000 0.0000 -0.0000 -1000.0000 0.0000 -1000.0000 0.0000
1000 10 3 -80.0000 0.0000 0.0000 -0.0000 -1000.0000 0.0000 -1000.0000 0.0000
1000 10 4 -80.0000 0.0000 0.0000 -0.0000 -1000.0000 0.0000 -1000.0000 0.0000
1000 10 5 -80.0000 0.0000 0.0000 -0.0000 -1000.0000 0.0000 -1000.0000 0.0000
1000 10 6 -80.0000 0.0000 0.0000 -0.0000 -1000.0000 0.0000 -1000.0000 0.0000
1000 10 7 -80.0000 0.0000 0.0000 -0.0000 -1000.0000 0.0000 -1000.0000 0.0000
1000 10 8 -80.0000 0.0000 0.0000 -0.0000 -1000.0000 0.0000 -1000.0000 0.0000
1000 10 9 -80.0000 0.0000 0.0000 -0.0000 -1000.0000 0.0000 -1000.0000 0.0000
1000 10 10 -80.0000 0.0000 0.0000 -0.0000 -1000.0000 0.0000 -1000.0000 0.0000
1000 10 11 -80.0000 0.0000 0.0000 -0.0000 -1000.0000 0.0000 -1000.0000 0.0000
1000 10 12 -80.0000 0.0000 0.0000 -0.0000 -1000.0000 0.0000 -1000.0000 0.0000
1000 10 13 -80.0000 0.0000 0.0000 -0.0000 -1000.0000 0.0000 -1000.0000 0.0000
1000 10 14 -80.0000 0.0000 0.0000 -0.0000 -1000.0000 0.0000 -1000.0000 0.0000
1000 10 15 -80.0000 0.0000 0.0000 -0.0000 -1000.0000 0.0000 -1000.0000 0.0000
1000 10 16 -80.0000 0.0000 0.0000 -0.0000 -1000.0000 0.0000 -1000.0000 0.0000
1000 11 1 -80.0000 0.0000 0.0000 -0.0000 -1000.0000 0.0000 -1000.0000 0.0000
1000 11 2 -80.0000 0.0000 0.0000 -0.0000 -1000.0000 0.0000 -1000.0000 0.0000
1000 11 3 -80.0000 0.0000 0.0000 -0.0000 -1000.0000 0.0000 -1000.0000 0.0000
1000 11 4 -80.0000 0.0000 0.0000 -0.0000 -1000.0000 0.0000 -1000.0000 0.0000
1000 11 5 -80.0000 0.0000 0.0000 -0.0000 -1000.0000 0.0000 -1000.0000 0.0000
1000 11 6 -80.0000 0.0000 0.0000 -0.0000 -1000.0000 0.0000 -1000.0000 0.0000
1000 11 7 -80.0000 0.0000 0.0000 -0.0000 -1000.0000 0.0000 -1000.0000 0.0000
1000 11 8 -80.0000 0.0000 0.0000 -0.0000 -1000.0000 0.0000 -1000.0000 0.0000
1000 11 9 -80.0000 0.0000 0.0000 -0.0000 -1000.0000 0.0000 -1000.0000 0.0000
1000 11 10 -80.0000 0.0000 0.0000 -0.0000 -1000.0000 0.0000 -1000.0000 0.0000
1000 11 11 -80.0000 0.0000 0.0000 -0.0000 -1000.0000 0.0000 -1000.0000 0.0000
1000 11 12 -80.0000 0.0000 0.0000 -0.0000 -1000.0000 0.0000 -1000.0000 0.0000
1000 11 13 -80.0000 0.0000 0.0000 -0.0000 -1000.0000 0.0000 -1000.0000 0.0000
1000 11 14 -80.0000 0.0000 0.0000 -0.0000 -1000.0000 0.0000 -1000.0000 0.0000
1000 11 15 -80.0000 0.0000 0.0000 -0.0000 -1000.0000 0.0000 -1000.0000 0.0000
1000 11 16 -80.0000 0.0000 0.0000 -0.0000 -1000.0000 0.0000 -1000.0000 0.0000
1000 12 1 -80.0000 0.0000 0.0000 -0.0000 -1000.0000 0.0000 -1000.0000 0.0000
1000 12 2 -80.0000 0.0000 0.0000 -0.0000 -1000.0000 0.0000 -1000.0000 0.0000
1000 12 3 -80.0000 0.0000 0.0000 -0.0000 -1000.0000 0.0000 -1000.0000 0.0000
1000 12 4 -80.0000 0.0000 0.0000 -0.0000 -1000.0000 0.0000 -1000.0000 0.0000
1000 12 5 -80.0000 0.0000 0.0000 -0.0000 -1000.0000 0.0000 -1000.0000 0.0000
1000 12 6 -80.0000 0.0000 0.0000 -0.0000 -1000.0000 0.0000 -1000.0000 0.0000
1000 12 7 -80.0000 0.0000 0.0000 -0.0000 -1000.0000 0.0000 -1000.0000 0.0000
1000 12 8 -80.0000 0.0000 0.0000 -0.0000 -1000.0000 0.0000 -1000.0000 0.0000
1000 12 9 -80.0000 0.0000 0.0000 -0.0000 -1000.0000 0.0000 -1000.0000 0.0000
1000 12 10 -80.0000 0.0000 0.0000 -0.0000 -1000.0000 0.0000 -1000.0000 0.0000
1000 12 11 -80.0000 0.0000 0.0000 -0.0000 -1000.0000 0.0000 -1000.0000 0.0000
1000 12 12 -80.0000 0.0000 0.0000 -0.0000 -1000.0000 0.0000 -1000.0000 0.0000
1000 12 13 -80.0000 0.0000 0.0000 -0.0000 -1000.0000 0.0000 -1000.0000 0.0000
1000 12 14 -80.0000 0.0000 0.0000 -0.0000 -1000.0000 0.0000 -1000.0000 0.0000
1000 12 15 -80.0000 0.0000 0.0000 -0.0000 -1000.0000 0.0000 -1000.0000 0.0000
1000 12 16 -80.0000 0.0000 0.0000 -0.0000 -1000.0000 0.0000 -1000.0000 0.0000
1000 13 1 -80.0000 0.0000 0.0000 -0.0000 -1000.0000 0.0000 -1000.0000 0.0000
1000 13 2 -80.0000 0.0000 0.0000 -0.0000 -1000.0000 0.0000 -1000.0000 0.0000
1000 13 3 -80.0000 0.0000 0.0000 -0.0000 -1000.0000 0.0000 -1000.0000 0.0000
1000 13 4 -80.0000 0.0000 0.0000 -0.0000 -1000.0000 0.0000 -1000.0000 0.0000
1000 13 5 -80.0000 0.0000 0.0000 -0.0000 -1000.0000 0.0000 -1000.0000 0.0000
1000 13 6 -80.0000 0.0000 0.0000 -0.0000 -1000.0000 0.0000 -1000.0000 0.0000
1000 13 7 -80.0000 0.0000 0.0000 -0.0000 -1000.0000 0.0000 -1000.0000 0.0000
1000 13 8 -80.0000 0.0000 0.0000 -0.0000 -1000.0000 0.0000 -1000.0000 0.0000
1000 13 9 -80.0000 0.0000 0.0000 -0.0000 -1000.0000 0.0000 -1000.0000 0.0000
1000 13 10 -80.0000 0.0000 0.0000 -0.0000 -1000.0000 0.0000 -1000.0000 0.0000
1000 13 11 -80.0000 0.0000 0.0000 -0.0000 -1000.0000 0.0000 -1000.0000 0.0000
1000 13 12 -80.0000 0.0000 0.0000 -0.0000 -1000.0000 0.0000 -1000.0000 0.0000
1000 13 13 -80.0000 0.0000 0.0000 -0.0000 -1000.0000 0.0000 -1000.0000 0.0000
1000 13 14 -80.0000 0.0000 0.0000 -0.0000 -1000.0000 0.0000 -1000.0000 0.0000
1000 13 15 -80.0000 0.0000 0.0000 -0.0000 -1000.0000 0.0000 -1000.0000 0.0000
1000 13 16 -80.0000 0.0000 0.0000 -0.0000 -1000.0000 0.0000 -1000.0000 0.0000
1000 14 1 -80.0000 0.0000 0.0000 -0.0000 -1000.0000 0.0000 -1000.0000 0.0000
1000 14 2 -80.0000 0.0000 0.0000 -0.0000 -1000.0000 0.0000 -1000.0000 0.0000
1000 14 3 -80.0000 0.0000 0.0000 -0.0000 -1000.0000 0.0000 -1000.0000 0.0000
1000 14 4 -80.0000 0.0000 0.0000 -0.0000 -1000.0000 0.0000 -1000.0000 0.0000
1000 14 5 -80.0000 0.0000 0.0000 -0.0000 -1000.0000 0.0000 -1000.0000 0.0000
1000 14 6 -80.0000 0.0000 0.0000 -0.0000 -1000.0000 0.0000 -1000.0000 0.0000
1000 14 7 -80.0000 0.0000 0.0000 -0.0000 -1000.0000 0.0000 -1000.0000 0.0000
1000 14 8 -80.0000 0.0000 0.0000 -0.0000 -1000.0000 0.0000 -1000.0000 0.0000
1000 14 9 -80.0000 0.0000 0.0000 -0.0000 -1000.0000 0.0000 -1000.0000 0.0000
1000 14 10 -80.0000 0.0000 0.0000 -0.0000 -1000.0000 0.0000 -1000.0000 0.0000
1000 14 11 -80.0000 0.0000 0.0000 -0.0000 -1000.0000 0.0000 -1000.0000 0.0000
1000 14 12 -80.0000 0.0000 0.0000 -0.0000 -1000.0000 0.0000 -1000.0000 0.0000
1000 14 13 -80.0000 0.0000 0.0000 -0.0000 -1000.0000 0.0000 -1000.0000 0.0000
1000 14 14 -80.0000 0.0000 0.0000 -0.0000 -1000.0000 0.0000 -1000.0000 0.0000
1000 14 15 -80.0000 0.0000 0.0000 -0.0000 -1000.0000 0.0000 -1000.0000 0.0000
1000 14 16 -80.0000 0.0000 0.0000 -0.0000 -1000.0000 0.0000 -1000.0000 0.0000
1000 15 1 -80.0000 0.0000 0.0000 -0.0000 -1000.0000 0.0000 -1000.0000 0.0000
1000 15 2 -80.0000 0.0000 0.0000 -0.0000 -1000.0000 0.0000 -1000.0000 0.0000
1000 15 3 -80.0000 0.0000 0.0000 -0.0000 -1000.0000 0.0000 -1000.0000 0.0000
1000 15 4 -80.0000 0.0000 0.0000 -0.0000 -1000.0000 0.0000 -1000.0000 0.0000
1000 15 5 -80.0000 0.0000 0.0000 -0.0000 -1000.0000 0.0000 -1000.0000 0.0000
1000 15 6 -80.0000 0.0000 0.0000 -0.0000 -1000.0000 0.0000 -1000.0000 0.0000
1000 15 7 -80.0000 0.0000 0.0000 -0.0000 -1000.0000 0.0000 -1000.0000 0.0000
1000 15 8 -80.0000 0.0000 0.0000 -0.0000 -1000.0000 0.0000 -1000.0000 0.0000
1000 15 9 -80.0000 0.0000 0.0000 -0.0000 -1000.0000 0.0000 -1000.0000 0.0000
1000 15 10 -80.0000 0.0000 0.0000 -0.0000 -1000.0000 0.0000 -1000.0000 0.0000
1000 15 11 -80.0000 0.0000 0.0000 -0.0000 -1000.0000 0.0000 -1000.0000 0.0000
1000 15 12 -80.0000 0.0000 0.0000 -0.0000 -1000.0000 0.0000 -1000.0000 0.0000
1000 15 13 -80.0000 0.0000 0.0000 -0.0000 -1000.0000 0.0000 -1000.0000 0.0000
1000 15 14 -80.0000 0.0000 0.0000 -0.0000 -1000.0000 0.0000 -1000.0000 0.0000
1000 15 15 -80.0000 0.0000 0.0000 -0.0000 -1000.0000 0.0000 -1000.0000 0.0000
1000 15 16 -80.0000 0.0000 0.0000 -0.0000 -1000.0000 0.0000 -1000.0000 0.0000
1000 16 1 -80.0000 0.0000 0.0000 -0.0000 -1000.0000 0.0000 -1000.0000 0.0000
1000 16 2 -80.0000 0.0000 0.0000 -0.0000 -1000.0000 0.0000 -1000.0000 0.0000
1000 16 3 -80.0000 0.0000 0.0000 -0.0000 -1000.0000 0.0000 -1000.0000 0.0000
1000 16 4 -80.0000 0.0000 0.0000 -0.0000 -1000.0000 0.0000 -1000.0000 0.0000
1000 16 5 -80.0000 0.0000 0.0000 -0.0000 -1000.0000 0.0000 -1000.0000 0.0000
1000 16 6 -80.0000 0.0000 0.0000 -0.0000 -1000.0000 0.0000 -1000.0000 0.0000
1000 16 7 -80.0000 0.0000 0.0000 -0.0000 -1000.0000 0.0000 -1000.0000 0.0000
1000 16 8 -80.0000 0.0000 0.0000 -0.0000 -1000.0000 0.0000 -1000.0000 0.0000
1000 16 9 -80.0000 0.0000 0.0000 -0.0000 -1000.0000 0.0000 -1000.0000 0.0000
1000 16 10 -80.0000 0.0000 0.0000 -0.0000 -1000.0000 0.0000 -1000.0000 0.0000
1000 16 11 -80.0000 0.0000 0.0000 -0.0000 -1000.0000 0.0000 -1000.0000 0.0000
1000 16 12 -80.0000 0.0000 0.0000 -0.0000 -1000.0000 0.0000 -1000.0000 0.0000
1000 16 13 -80.0000 0.0000 0.0000 -0.0000 -1000.0000 0.0000 -1000.0000 0.0000
1000 16 14 -80.0000 0.0000 0.0000 -0.0000 -1000.0000 0.0000 -1000.0000 0.0000
1000 16 15 -80.0000 0.0000 0.0000 -0.0000 -1000.0000 0.0000 -1000.0000 0.0000
1000 16 16 -80.0000 0.0000 0.0000 -0.0000 -1000.0000 0.0000 -1000.0000 0.0000
