1000 1 1 -80.0000 0.0000 0.0000 -0.0000 -1000.0000 0.0000 -1000.0000 0.0000
1000 1 2 -80.0000 0.0000 0.0000 -0.0000 -1000.0000 0.0000 -1000.0000 0.0000
1000 1 3 -80.0000 0.0000 0.0000 -0.0000 -1000.0000 0.0000 -1000.0000 0.0000
1000 1 4 -80.0000 0.0000 0.0000 -0.0000 -1000.0000 0.0000 -1000.0000 0.0000
1000 2 1 -80.0000 0.0000 0.0000 -0.0000 -1000.0000 0.0000 -1000.0000 0.0000
1000 2 2 -80.0000 0.0000 0.0000 -0.0000 -1000.0000 0.0000 -1000.0000 0.0000
1000 2 3 -80.0000 0.0000 0.0000 -0.0000 -1000.0000 0.0000 -1000.0000 0.0000
1000 2 4 -80.0000 0.0000 0.0000 -0.0000 -1000.0000 0.0000 -1000.0000 0.0000
1000 3 1 -80.0000 0.0000 0.0000 -0.0000 -1000.0000 0.0000 -1000.0000 0.0000
1000 3 2 -80.0000 0.0000 0.0000 -0.0000 -1000.0000 0.0000 -1000.0000 0.0000
1000 3 3 -80.0000 0.0000 0.0000 -0.0000 -1000.0000 0.0000 -1000.0000 0.0000
1000 3 4 -80.0000 0.0000 0.0000 -0.0000 -1000.0000 0.0000 -1000.0000 0.0000
1000 4 1 -80.0000 0.0000 0.0000 -0.0000 -1000.0000 0.0000 -1000.0000 0.0000
1000 4 2 -80.0000 0.0000 0.0000 -0.0000 -1000.0000 0.0000 -1000.0000 0.0000
1000 4 3 -80.0000 0.0000 0.0000 -0.0000 -1000.0000 0.0000 -1000.0000 0.0000
1000 4 4 -80.0000 0.0000 0.0000 -0.0000 -1000.0000 0.0000 -1000.0000 0.0000
