1000 1 1 -80.0000 0.0000 0.0000 -0.0000 -1000.0000 0.0000 -1000.0000 0.0000
1000 1 2 -80.0000 0.0000 0.0000 -0.0000 -1000.0000 0.0000 -1000.0000 0.0000
1000 1 3 -80.0000 0.0000 0.0000 -0.0000 -1000.0000 0.0000 -1000.0000 0.0000
1000 1 4 -80.0000 0.0000 0.0000 -0.0000 -1000.0000 0.0000 -1000.0000 0.0000
1000 1 5 -80.0000 0.0000 0.0000 -0.0000 -1000.0000 0.0000 -1000.0000 0.0000
1000 1 6 -80.0000 0.0000 0.0000 -0.0000 -1000.0000 0.0000 -1000.0000 0.0000
1000 1 7 -80.0000 0.0000 0.0000 -0.0000 -1000.0000 0.0000 -1000.0000 0.0000
1000 1 8 -80.0000 0.0000 0.0000 -0.0000 -1000.0000 0.0000 -1000.0000 0.0000
1000 2 1 -80.0000 0.0000 0.0000 -0.0000 -1000.0000 0.0000 -1000.0000 0.0000
1000 2 2 -80.0000 0.0000 0.0000 -0.0000 -1000.0000 0.0000 -1000.0000 0.0000
1000 2 3 -80.0000 0.0000 0.0000 -0.0000 -1000.0000 0.0000 -1000.0000 0.0000
1000 2 4 -80.0000 0.0000 0.0000 -0.0000 -1000.0000 0.0000 -1000.0000 0.0000
1000 2 5 -80.0000 0.0000 0.0000 -0.0000 -1000.0000 0.0000 -1000.0000 0.0000
1000 2 6 -80.0000 0.0000 0.0000 -0.0000 -1000.0000 0.0000 -1000.0000 0.0000
1000 2 7 -80.0000 0.0000 0.0000 -0.0000 -1000.0000 0.0000 -1000.0000 0.0000
1000 2 8 -80.0000 0.0000 0.0000 -0.0000 -1000.0000 0.0000 -1000.0000 0.0000
1000 3 1 -80.0000 0.0000 0.0000 -0.0000 -1000.0000 0.0000 -1000.0000 0.0000
1000 3 2 -80.0000 0.0000 0.0000 -0.0000 -1000.0000 0.0000 -1000.0000 0.0000
1000 3 3 -80.0000 0.0000 0.0000 -0.0000 -1000.0000 0.0000 -1000.0000 0.0000
1000 3 4 -80.0000 0.0000 0.0000 -0.0000 -1000.0000 0.0000 -1000.0000 0.0000
1000 3 5 -80.0000 0.0000 0.0000 -0.0000 -1000.0000 0.0000 -1000.0000 0.0000
1000 3 6 -80.0000 0.0000 0.0000 -0.0000 -1000.0000 0.0000 -1000.0000 0.0000
1000 3 7 -80.0000 0.0000 0.0000 -0.0000 -1000.0000 0.0000 -1000.0000 0.0000
1000 3 8 -80.0000 0.0000 0.0000 -0.0000 -1000.0000 0.0000 -1000.0000 0.0000
1000 4 1 -80.0000 0.0000 0.0000 -0.0000 -1000.0000 0.0000 -1000.0000 0.0000
1000 4 2 -80.0000 0.0000 0.0000 -0.0000 -1000.0000 0.0000 -1000.0000 0.0000
1000 4 3 -80.0000 0.0000 0.0000 -0.0000 -1000.0000 0.0000 -1000.0000 0.0000
1000 4 4 -80.0000 0.0000 0.0000 -0.0000 -1000.0000 0.0000 -1000.0000 0.0000
1000 4 5 -80.0000 0.0000 0.0000 -0.0000 -1000.0000 0.0000 -1000.0000 0.0000
1000 4 6 -80.0000 0.0000 0.0000 -0.0000 -1000.0000 0.0000 -1000.0000 0.0000
1000 4 7 -80.0000 0.0000 0.0000 -0.0000 -1000.0000 0.0000 -1000.0000 0.0000
1000 4 8 -80.0000 0.0000 0.0000 -0.0000 -1000.0000 0.0000 -1000.0000 0.0000
1000 5 1 -80.0000 0.0000 0.0000 -0.0000 -1000.0000 0.0000 -1000.0000 0.0000
1000 5 2 -80.0000 0.0000 0.0000 -0.0000 -1000.0000 0.0000 -1000.0000 0.0000
1000 5 3 -80.0000 0.0000 0.0000 -0.0000 -1000.0000 0.0000 -1000.0000 0.0000
1000 5 4 -80.0000 0.0000 0.0000 -0.0000 -1000.0000 0.0000 -1000.0000 0.0000
1000 5 5 -80.0000 0.0000 0.0000 -0.0000 -1000.0000 0.0000 -1000.0000 0.0000
1000 5 6 -80.0000 0.0000 0.0000 -0.0000 -1000.0000 0.0000 -1000.0000 0.0000
1000 5 7 -80.0000 0.0000 0.0000 -0.0000 -1000.0000 0.0000 -1000.0000 0.0000
1000 5 8 -80.0000 0.0000 0.0000 -0.0000 -1000.0000 0.0000 -1000.0000 0.0000
1000 6 1 -80.0000 0.0000 0.0000 -0.0000 -1000.0000 0.0000 -1000.0000 0.0000
1000 6 2 -80.0000 0.0000 0.0000 -0.0000 -1000.0000 0.0000 -1000.0000 0.0000
1000 6 3 -80.0000 0.0000 0.0000 -0.0000 -1000.0000 0.0000 -1000.0000 0.0000
1000 6 4 -80.0000 0.0000 0.0000 -0.0000 -1000.0000 0.0000 -1000.0000 0.0000
1000 6 5 -80.0000 0.0000 0.0000 -0.0000 -1000.0000 0.0000 -1000.0000 0.0000
1000 6 6 -80.0000 0.0000 0.0000 -0.0000 -1000.0000 0.0000 -1000.0000 0.0000
1000 6 7 -80.0000 0.0000 0.0000 -0.0000 -1000.0000 0.0000 -1000.0000 0.0000
1000 6 8 -80.0000 0.0000 0.0000 -0.0000 -1000.0000 0.0000 -1000.0000 0.0000
1000 7 1 -80.0000 0.0000 0.0000 -0.0000 -1000.0000 0.0000 -1000.0000 0.0000
1000 7 2 -80.0000 0.0000 0.0000 -0.0000 -1000.0000 0.0000 -1000.0000 0.0000
1000 7 3 -80.0000 0.0000 0.0000 -0.0000 -1000.0000 0.0000 -1000.0000 0.0000
1000 7 4 -80.0000 0.0000 0.0000 -0.0000 -1000.0000 0.0000 -1000.0000 0.0000
1000 7 5 -80.0000 0.0000 0.0000 -0.0000 -1000.0000 0.0000 -1000.0000 0.0000
1000 7 6 -80.0000 0.0000 0.0000 -0.0000 -1000.0000 0.0000 -1000.0000 0.0000
1000 7 7 -80.0000 0.0000 0.0000 -0.0000 -1000.0000 0.0000 -1000.0000 0.0000
1000 7 8 -80.0000 0.0000 0.0000 -0.0000 -1000.0000 0.0000 -1000.0000 0.0000
1000 8 1 -80.0000 0.0000 0.0000 -0.0000 -1000.0000 0.0000 -1000.0000 0.0000
1000 8 2 -80.0000 0.0000 0.0000 -0.0000 -1000.0000 0.0000 -1000.0000 0.0000
1000 8 3 -80.0000 0.0000 0.0000 -0.0000 -1000.0000 0.0000 -1000.0000 0.0000
1000 8 4 -80.0000 0.0000 0.0000 -0.0000 -1000.0000 0.0000 -1000.0000 0.0000
1000 8 5 -80.0000 0.0000 0.0000 -0.0000 -1000.0000 0.0000 -1000.0000 0.0000
1000 8 6 -80.0000 0.0000 0.0000 -0.0000 -1000.0000 0.0000 -1000.0000 0.0000
1000 8 7 -80.0000 0.0000 0.0000 -0.0000 -1000.0000 0.0000 -1000.0000 0.0000
1000 8 8 -80.0000 0.0000 0.0000 -0.0000 -1000.0000 0.0000 -1000.0000 0.0000
