1000 0 1 -7.8522 0.0000 0.3333 -40.2336 -4.3982 0.0000 -4.3464 0.0000
1000 1 0 -7.8522 0.0000 0.3333 -40.2336 -4.3982 0.0000 -4.3464 0.0000
1000 0 2 -71.3197 0.0000 66.3333 40.2336 -4.8019 0.0000 -4.8412 0.0000
1000 2 0 -71.3197 0.0000 66.3333 40.2336 -4.8019 0.0000 -4.8412 0.0000
4000 0 1 -20.9007 0.0000 1.6622 -40.2336 -4.7859 0.0000 -4.3199 0.0000
4000 1 0 -20.9007 0.0000 1.6622 -40.2336 -4.7859 0.0000 -4.3199 0.0000
4000 0 2 -66.8979 0.0000 65.0045 40.2336 -4.0460 0.0000 -4.2076 0.0000
4000 2 0 -66.8979 0.0000 65.0045 40.2336 -4.0460 0.0000 -4.2076 0.0000
7000 0 1 -29.4406 0.0000 2.9911 -40.2336 -4.3609 0.0000 -4.0036 0.0000
7000 1 0 -29.4406 0.0000 2.9911 -40.2336 -4.3609 0.0000 -4.0036 0.0000
7000 0 2 -75.3509 0.0000 63.6756 40.2336 -4.4035 0.0000 -4.3086 0.0000
7000 2 0 -75.3509 0.0000 63.6756 40.2336 -4.4035 0.0000 -4.3086 0.0000
10000 0 1 -33.8250 0.0000 4.3199 -40.2336 -3.9951 0.0000 -5.2757 0.0000
10000 1 0 -33.8250 0.0000 4.3199 -40.2336 -3.9951 0.0000 -5.2757 0.0000
10000 0 2 -66.1969 0.0000 62.3468 40.2336 -4.2069 0.0000 -3.9425 0.0000
10000 2 0 -66.1969 0.0000 62.3468 40.2336 -4.2069 0.0000 -3.9425 0.0000
13000 0 1 -39.4821 0.0000 5.6488 -40.2336 -4.2106 0.0000 -3.8802 0.0000
13000 1 0 -39.4821 0.0000 5.6488 -40.2336 -4.2106 0.0000 -3.8802 0.0000
13000 0 2 -62.9509 0.0000 61.0179 40.2336 -3.7073 0.0000 -4.3771 0.0000
13000 2 0 -62.9509 0.0000 61.0179 40.2336 -3.7073 0.0000 -4.3771 0.0000
16000 0 1 -44.8286 0.0000 6.9776 -40.2336 -4.1624 0.0000 -4.8809 0.0000
16000 1 0 -44.8286 0.0000 6.9776 -40.2336 -4.1624 0.0000 -4.8809 0.0000
16000 0 2 -64.9199 0.0000 59.6890 40.2336 -4.0962 0.0000 -4.5466 0.0000
16000 2 0 -64.9199 0.0000 59.6890 40.2336 -4.0962 0.0000 -4.5466 0.0000
19000 0 1 -45.9836 0.0000 8.3065 -40.2336 -4.6395 0.0000 -3.6342 0.0000
19000 1 0 -45.9836 0.0000 8.3065 -40.2336 -4.6395 0.0000 -3.6342 0.0000
19000 0 2 -66.9564 0.0000 58.3602 40.2336 -4.0143 0.0000 -3.7013 0.0000
19000 2 0 -66.9564 0.0000 58.3602 40.2336 -4.0143 0.0000 -3.7013 0.0000
22000 0 1 -45.9861 0.0000 9.6353 -40.2336 -4.3789 0.0000 -4.4281 0.0000
22000 1 0 -45.9861 0.0000 9.6353 -40.2336 -4.3789 0.0000 -4.4281 0.0000
22000 0 2 -74.8986 0.0000 57.0313 40.2336 -3.6778 0.0000 -3.6637 0.0000
22000 2 0 -74.8986 0.0000 57.0313 40.2336 -3.6778 0.0000 -3.6637 0.0000
25000 0 1 -42.8933 0.0000 10.9642 -40.2336 -3.8003 0.0000 -3.8371 0.0000
25000 1 0 -42.8933 0.0000 10.9642 -40.2336 -3.8003 0.0000 -3.8371 0.0000
25000 0 2 -64.5052 0.0000 55.7025 40.2336 -4.1978 0.0000 -4.2537 0.0000
25000 2 0 -64.5052 0.0000 55.7025 40.2336 -4.1978 0.0000 -4.2537 0.0000
28000 0 1 -49.2830 0.0000 12.2931 -40.2336 -4.4466 0.0000 -4.3756 0.0000
28000 1 0 -49.2830 0.0000 12.2931 -40.2336 -4.4466 0.0000 -4.3756 0.0000
28000 0 2 -67.1314 0.0000 54.3736 40.2336 -3.4646 0.0000 -4.4235 0.0000
28000 2 0 -67.1314 0.0000 54.3736 40.2336 -3.4646 0.0000 -4.4235 0.0000
31000 0 1 -53.7854 0.0000 13.6219 -40.2336 -3.8827 0.0000 -3.6565 0.0000
31000 1 0 -53.7854 0.0000 13.6219 -40.2336 -3.8827 0.0000 -3.6565 0.0000
31000 0 2 -69.8150 0.0000 53.0447 40.2336 -3.4778 0.0000 -3.4936 0.0000
31000 2 0 -69.8150 0.0000 53.0447 40.2336 -3.4778 0.0000 -3.4936 0.0000
34000 0 1 -50.6147 0.0000 14.9508 -40.2336 -4.3828 0.0000 -4.3533 0.0000
34000 1 0 -50.6147 0.0000 14.9508 -40.2336 -4.3828 0.0000 -4.3533 0.0000
34000 0 2 -58.7075 0.0000 51.7159 40.2336 -3.6007 0.0000 -4.1654 0.0000
34000 2 0 -58.7075 0.0000 51.7159 40.2336 -3.6007 0.0000 -4.1654 0.0000
37000 0 1 -59.3232 0.0000 16.2796 -40.2336 -4.9154 0.0000 -4.5281 0.0000
37000 1 0 -59.3232 0.0000 16.2796 -40.2336 -4.9154 0.0000 -4.5281 0.0000
37000 0 2 -66.1952 0.0000 50.3870 40.2336 -3.7936 0.0000 -3.8385 0.0000
37000 2 0 -66.1952 0.0000 50.3870 40.2336 -3.7936 0.0000 -3.8385 0.0000
40000 0 1 -62.3095 0.0000 17.6085 -40.2336 -3.9244 0.0000 -3.5520 0.0000
40000 1 0 -62.3095 0.0000 17.6085 -40.2336 -3.9244 0.0000 -3.5520 0.0000
40000 0 2 -61.8897 0.0000 49.0582 40.2336 -4.6382 0.0000 -3.6471 0.0000
40000 2 0 -61.8897 0.0000 49.0582 40.2336 -4.6382 0.0000 -3.6471 0.0000
43000 0 1 -49.1953 0.0000 18.9374 -40.2336 -3.8626 0.0000 -4.0700 0.0000
43000 1 0 -49.1953 0.0000 18.9374 -40.2336 -3.8626 0.0000 -4.0700 0.0000
43000 0 2 -70.9870 0.0000 47.7293 40.2336 -4.2224 0.0000 -4.2723 0.0000
43000 2 0 -70.9870 0.0000 47.7293 40.2336 -4.2224 0.0000 -4.2723 0.0000
46000 0 1 -62.2024 0.0000 20.2662 -40.2336 -4.0127 0.0000 -4.2298 0.0000
46000 1 0 -62.2024 0.0000 20.2662 -40.2336 -4.0127 0.0000 -4.2298 0.0000
46000 0 2 -64.7607 0.0000 46.4004 40.2336 -4.5446 0.0000 -4.3396 0.0000
46000 2 0 -64.7607 0.0000 46.4004 40.2336 -4.5446 0.0000 -4.3396 0.0000
49000 0 1 -60.6436 0.0000 21.5951 -40.2336 -4.5693 0.0000 -5.1840 0.0000
49000 1 0 -60.6436 0.0000 21.5951 -40.2336 -4.5693 0.0000 -5.1840 0.0000
49000 0 2 -63.4184 0.0000 45.0716 40.2336 -3.9027 0.0000 -4.8118 0.0000
49000 2 0 -63.4184 0.0000 45.0716 40.2336 -3.9027 0.0000 -4.8118 0.0000
52000 0 1 -57.6194 0.0000 22.9239 -40.2336 -3.8576 0.0000 -3.9483 0.0000
52000 1 0 -57.6194 0.0000 22.9239 -40.2336 -3.8576 0.0000 -3.9483 0.0000
52000 0 2 -63.8903 0.0000 43.7427 40.2336 -4.0284 0.0000 -4.3539 0.0000
52000 2 0 -63.8903 0.0000 43.7427 40.2336 -4.0284 0.0000 -4.3539 0.0000
55000 0 1 -61.5274 0.0000 24.2528 -40.2336 -3.4701 0.0000 -4.2899 0.0000
55000 1 0 -61.5274 0.0000 24.2528 -40.2336 -3.4701 0.0000 -4.2899 0.0000
55000 0 2 -65.7907 0.0000 42.4139 40.2336 -4.8710 0.0000 -4.1394 0.0000
55000 2 0 -65.7907 0.0000 42.4139 40.2336 -4.8710 0.0000 -4.1394 0.0000
58000 0 1 -60.4847 0.0000 25.5817 -40.2336 -4.1111 0.0000 -4.2363 0.0000
58000 1 0 -60.4847 0.0000 25.5817 -40.2336 -4.1111 0.0000 -4.2363 0.0000
58000 0 2 -64.2656 0.0000 41.0850 40.2336 -3.9666 0.0000 -5.0671 0.0000
58000 2 0 -64.2656 0.0000 41.0850 40.2336 -3.9666 0.0000 -5.0671 0.0000
61000 0 1 -55.5950 0.0000 26.9105 -40.2336 -3.5080 0.0000 -4.2617 0.0000
61000 1 0 -55.5950 0.0000 26.9105 -40.2336 -3.5080 0.0000 -4.2617 0.0000
61000 0 2 -70.2960 0.0000 39.7562 40.2336 -4.9903 0.0000 -4.0396 0.0000
61000 2 0 -70.2960 0.0000 39.7562 40.2336 -4.9903 0.0000 -4.0396 0.0000
64000 0 1 -62.1428 0.0000 28.2394 -40.2336 -4.7202 0.0000 -3.7801 0.0000
64000 1 0 -62.1428 0.0000 28.2394 -40.2336 -4.7202 0.0000 -3.7801 0.0000
64000 0 2 -62.0473 0.0000 38.4273 40.2336 -4.1622 0.0000 -3.4559 0.0000
64000 2 0 -62.0473 0.0000 38.4273 40.2336 -4.1622 0.0000 -3.4559 0.0000
67000 0 1 -57.1809 0.0000 29.5682 -40.2336 -4.1867 0.0000 -4.0921 0.0000
67000 1 0 -57.1809 0.0000 29.5682 -40.2336 -4.1867 0.0000 -4.0921 0.0000
67000 0 2 -64.1932 0.0000 37.0984 40.2336 -3.3647 0.0000 -3.9333 0.0000
67000 2 0 -64.1932 0.0000 37.0984 40.2336 -3.3647 0.0000 -3.9333 0.0000
70000 0 1 -61.3247 0.0000 30.8971 -40.2336 -4.7505 0.0000 -4.4745 0.0000
70000 1 0 -61.3247 0.0000 30.8971 -40.2336 -4.7505 0.0000 -4.4745 0.0000
70000 0 2 -63.9653 0.0000 35.7696 40.2336 -5.0570 0.0000 -4.1123 0.0000
70000 2 0 -63.9653 0.0000 35.7696 40.2336 -5.0570 0.0000 -4.1123 0.0000
73000 0 1 -64.5548 0.0000 32.2260 -40.2336 -3.4275 0.0000 -4.0341 0.0000
73000 1 0 -64.5548 0.0000 32.2260 -40.2336 -3.4275 0.0000 -4.0341 0.0000
73000 0 2 -62.0654 0.0000 34.4407 40.2336 -4.0939 0.0000 -4.3070 0.0000
73000 2 0 -62.0654 0.0000 34.4407 40.2336 -4.0939 0.0000 -4.3070 0.0000
76000 0 1 -57.3023 0.0000 33.5548 -40.2336 -4.8094 0.0000 -4.6018 0.0000
76000 1 0 -57.3023 0.0000 33.5548 -40.2336 -4.8094 0.0000 -4.6018 0.0000
76000 0 2 -63.8987 0.0000 33.1119 40.2336 -4.8850 0.0000 -4.8067 0.0000
76000 2 0 -63.8987 0.0000 33.1119 40.2336 -4.8850 0.0000 -4.8067 0.0000
79000 0 1 -58.5429 0.0000 34.8837 -40.2336 -4.2163 0.0000 -4.0195 0.0000
79000 1 0 -58.5429 0.0000 34.8837 -40.2336 -4.2163 0.0000 -4.0195 0.0000
79000 0 2 -65.9413 0.0000 31.7830 40.2336 -4.5161 0.0000 -3.7392 0.0000
79000 2 0 -65.9413 0.0000 31.7830 40.2336 -4.5161 0.0000 -3.7392 0.0000
82000 0 1 -59.7409 0.0000 36.2125 -40.2336 -4.1567 0.0000 -4.0104 0.0000
82000 1 0 -59.7409 0.0000 36.2125 -40.2336 -4.1567 0.0000 -4.0104 0.0000
82000 0 2 -60.8260 0.0000 30.4541 40.2336 -4.3321 0.0000 -4.1319 0.0000
82000 2 0 -60.8260 0.0000 30.4541 40.2336 -4.3321 0.0000 -4.1319 0.0000
85000 0 1 -68.6372 0.0000 37.5414 -40.2336 -3.2294 0.0000 -3.6741 0.0000
85000 1 0 -68.6372 0.0000 37.5414 -40.2336 -3.2294 0.0000 -3.6741 0.0000
85000 0 2 -63.3244 0.0000 29.1253 40.2336 -4.8199 0.0000 -4.4433 0.0000
85000 2 0 -63.3244 0.0000 29.1253 40.2336 -4.8199 0.0000 -4.4433 0.0000
88000 0 1 -68.9129 0.0000 38.8702 -40.2336 -4.9685 0.0000 -3.9654 0.0000
88000 1 0 -68.9129 0.0000 38.8702 -40.2336 -4.9685 0.0000 -3.9654 0.0000
88000 0 2 -57.0714 0.0000 27.7964 40.2336 -4.4300 0.0000 -4.4381 0.0000
88000 2 0 -57.0714 0.0000 27.7964 40.2336 -4.4300 0.0000 -4.4381 0.0000
91000 0 1 -64.9792 0.0000 40.1991 -40.2336 -3.9924 0.0000 -4.5228 0.0000
91000 1 0 -64.9792 0.0000 40.1991 -40.2336 -3.9924 0.0000 -4.5228 0.0000
91000 0 2 -62.6797 0.0000 26.4676 40.2336 -3.6958 0.0000 -3.9660 0.0000
91000 2 0 -62.6797 0.0000 26.4676 40.2336 -3.6958 0.0000 -3.9660 0.0000
94000 0 1 -67.8927 0.0000 41.5280 -40.2336 -4.1907 0.0000 -3.5066 0.0000
94000 1 0 -67.8927 0.0000 41.5280 -40.2336 -4.1907 0.0000 -3.5066 0.0000
94000 0 2 -55.4203 0.0000 25.1387 40.2336 -3.8082 0.0000 -4.3536 0.0000
94000 2 0 -55.4203 0.0000 25.1387 40.2336 -3.8082 0.0000 -4.3536 0.0000
97000 0 1 -62.1419 0.0000 42.8568 -40.2336 -4.0997 0.0000 -3.5858 0.0000
97000 1 0 -62.1419 0.0000 42.8568 -40.2336 -4.0997 0.0000 -3.5858 0.0000
97000 0 2 -57.7034 0.0000 23.8098 40.2336 -3.9014 0.0000 -4.3639 0.0000
97000 2 0 -57.7034 0.0000 23.8098 40.2336 -3.9014 0.0000 -4.3639 0.0000
100000 0 1 -62.7477 0.0000 44.1857 -40.2336 -4.0790 0.0000 -4.0058 0.0000
100000 1 0 -62.7477 0.0000 44.1857 -40.2336 -4.0790 0.0000 -4.0058 0.0000
100000 0 2 -52.1841 0.0000 22.4810 40.2336 -4.5052 0.0000 -3.9932 0.0000
100000 2 0 -52.1841 0.0000 22.4810 40.2336 -4.5052 0.0000 -3.9932 0.0000
103000 0 1 -67.7980 0.0000 45.5145 -40.2336 -3.7872 0.0000 -4.2191 0.0000
103000 1 0 -67.7980 0.0000 45.5145 -40.2336 -3.7872 0.0000 -4.2191 0.0000
103000 0 2 -56.8426 0.0000 21.1521 40.2336 -4.4971 0.0000 -4.1265 0.0000
103000 2 0 -56.8426 0.0000 21.1521 40.2336 -4.4971 0.0000 -4.1265 0.0000
106000 0 1 -72.3783 0.0000 46.8434 -40.2336 -4.4124 0.0000 -3.6252 0.0000
106000 1 0 -72.3783 0.0000 46.8434 -40.2336 -4.4124 0.0000 -3.6252 0.0000
106000 0 2 -50.0626 0.0000 19.8233 40.2336 -4.1796 0.0000 -4.2868 0.0000
106000 2 0 -50.0626 0.0000 19.8233 40.2336 -4.1796 0.0000 -4.2868 0.0000
109000 0 1 -69.7168 0.0000 48.1723 -40.2336 -4.3025 0.0000 -4.0380 0.0000
109000 1 0 -69.7168 0.0000 48.1723 -40.2336 -4.3025 0.0000 -4.0380 0.0000
109000 0 2 -54.4031 0.0000 18.4944 40.2336 -4.2386 0.0000 -4.6567 0.0000
109000 2 0 -54.4031 0.0000 18.4944 40.2336 -4.2386 0.0000 -4.6567 0.0000
112000 0 1 -62.6241 0.0000 49.5011 -40.2336 -4.6032 0.0000 -3.8867 0.0000
112000 1 0 -62.6241 0.0000 49.5011 -40.2336 -4.6032 0.0000 -3.8867 0.0000
112000 0 2 -64.6265 0.0000 17.1655 40.2336 -3.9626 0.0000 -4.0514 0.0000
112000 2 0 -64.6265 0.0000 17.1655 40.2336 -3.9626 0.0000 -4.0514 0.0000
115000 0 1 -65.1672 0.0000 50.8300 -40.2336 -4.0993 0.0000 -4.0192 0.0000
115000 1 0 -65.1672 0.0000 50.8300 -40.2336 -4.0993 0.0000 -4.0192 0.0000
115000 0 2 -53.7565 0.0000 15.8367 40.2336 -3.4818 0.0000 -4.1167 0.0000
115000 2 0 -53.7565 0.0000 15.8367 40.2336 -3.4818 0.0000 -4.1167 0.0000
118000 0 1 -68.3105 0.0000 52.1588 -40.2336 -3.7020 0.0000 -4.0407 0.0000
118000 1 0 -68.3105 0.0000 52.1588 -40.2336 -3.7020 0.0000 -4.0407 0.0000
118000 0 2 -55.7809 0.0000 14.5078 40.2336 -4.4765 0.0000 -4.5762 0.0000
118000 2 0 -55.7809 0.0000 14.5078 40.2336 -4.4765 0.0000 -4.5762 0.0000
121000 0 1 -65.7629 0.0000 53.4877 -40.2336 -3.7336 0.0000 -4.4467 0.0000
121000 1 0 -65.7629 0.0000 53.4877 -40.2336 -3.7336 0.0000 -4.4467 0.0000
121000 0 2 -54.9656 0.0000 13.1790 40.2336 -4.4534 0.0000 -3.9448 0.0000
121000 2 0 -54.9656 0.0000 13.1790 40.2336 -4.4534 0.0000 -3.9448 0.0000
124000 0 1 -64.5991 0.0000 54.8166 -40.2336 -3.5622 0.0000 -3.5595 0.0000
124000 1 0 -64.5991 0.0000 54.8166 -40.2336 -3.5622 0.0000 -3.5595 0.0000
124000 0 2 -49.7652 0.0000 11.8501 40.2336 -4.1671 0.0000 -4.1305 0.0000
124000 2 0 -49.7652 0.0000 11.8501 40.2336 -4.1671 0.0000 -4.1305 0.0000
127000 0 1 -70.6870 0.0000 56.1454 -40.2336 -4.0318 0.0000 -4.8722 0.0000
127000 1 0 -70.6870 0.0000 56.1454 -40.2336 -4.0318 0.0000 -4.8722 0.0000
127000 0 2 -49.2963 0.0000 10.5213 40.2336 -4.9240 0.0000 -3.9343 0.0000
127000 2 0 -49.2963 0.0000 10.5213 40.2336 -4.9240 0.0000 -3.9343 0.0000
130000 0 1 -67.0339 0.0000 57.4743 -40.2336 -3.8555 0.0000 -4.5983 0.0000
130000 1 0 -67.0339 0.0000 57.4743 -40.2336 -3.8555 0.0000 -4.5983 0.0000
130000 0 2 -43.8769 0.0000 9.1924 40.2336 -3.9600 0.0000 -4.2412 0.0000
130000 2 0 -43.8769 0.0000 9.1924 40.2336 -3.9600 0.0000 -4.2412 0.0000
133000 0 1 -70.7901 0.0000 58.8031 -40.2336 -4.2310 0.0000 -3.4669 0.0000
133000 1 0 -70.7901 0.0000 58.8031 -40.2336 -4.2310 0.0000 -3.4669 0.0000
133000 0 2 -39.0676 0.0000 7.8635 40.2336 -5.1401 0.0000 -3.5276 0.0000
133000 2 0 -39.0676 0.0000 7.8635 40.2336 -5.1401 0.0000 -3.5276 0.0000
136000 0 1 -76.6778 0.0000 60.1320 -40.2336 -4.0339 0.0000 -4.2207 0.0000
136000 1 0 -76.6778 0.0000 60.1320 -40.2336 -4.0339 0.0000 -4.2207 0.0000
136000 0 2 -37.6856 0.0000 6.5347 40.2336 -4.2051 0.0000 -4.4150 0.0000
136000 2 0 -37.6856 0.0000 6.5347 40.2336 -4.2051 0.0000 -4.4150 0.0000
139000 0 1 -67.9725 0.0000 61.4609 -40.2336 -4.6030 0.0000 -4.8789 0.0000
139000 1 0 -67.9725 0.0000 61.4609 -40.2336 -4.6030 0.0000 -4.8789 0.0000
139000 0 2 -41.4761 0.0000 5.2058 40.2336 -3.8487 0.0000 -4.6854 0.0000
139000 2 0 -41.4761 0.0000 5.2058 40.2336 -3.8487 0.0000 -4.6854 0.0000
142000 0 1 -72.1167 0.0000 62.7897 -40.2336 -4.1607 0.0000 -3.5821 0.0000
142000 1 0 -72.1167 0.0000 62.7897 -40.2336 -4.1607 0.0000 -3.5821 0.0000
142000 0 2 -23.2547 0.0000 3.8770 40.2336 -4.1243 0.0000 -4.5387 0.0000
142000 2 0 -23.2547 0.0000 3.8770 40.2336 -4.1243 0.0000 -4.5387 0.0000
145000 0 1 -69.6867 0.0000 64.1186 -40.2336 -3.8231 0.0000 -3.9699 0.0000
145000 1 0 -69.6867 0.0000 64.1186 -40.2336 -3.8231 0.0000 -3.9699 0.0000
145000 0 2 -41.9226 0.0000 2.5481 40.2336 -4.3046 0.0000 -3.5174 0.0000
145000 2 0 -41.9226 0.0000 2.5481 40.2336 -4.3046 0.0000 -3.5174 0.0000
148000 0 1 -68.4236 0.0000 65.4474 -40.2336 -3.7082 0.0000 -4.5253 0.0000
148000 1 0 -68.4236 0.0000 65.4474 -40.2336 -3.7082 0.0000 -4.5253 0.0000
148000 0 2 -22.0978 0.0000 1.2192 40.2336 -4.2886 0.0000 -3.6063 0.0000
148000 2 0 -22.0978 0.0000 1.2192 40.2336 -4.2886 0.0000 -3.6063 0.0000
